time,x,y,z,phi,theta,psi,x_velocity,y_velocity,z_velocity,phi_velocity,theta_velocity,psi_velocity,rotor_speed1,rotor_speed2,rotor_speed3,rotor_speed4
0.06,-1.86763051161e-09,1.15841937807e-15,0.0261670766251,4.76063632959e-13,1.14915173643e-06,0.0,-1.86584631272e-07,1.15841937807e-13,0.872003284129,1.18852944044e-11,5.7437088106e-05,0.0,899.998896849,900.001220706,2.20218352694e-05,0.0016117237646
0.12000000000000001,-9.19077351709e-08,3.47042211769e-14,0.10456029149,1.1901590824e-12,5.0367321176e-06,0.0,-3.60400935385e-06,1.15582643756e-12,1.74021430414,1.18852944044e-11,7.95034692893e-05,0.0,899.999419711,900.000311185,0.00113389378472,0.00103392609966
0.18,-5.65925453976e-07,1.61573357299e-13,0.234820048962,1.90425453184e-12,9.99311347982e-06,0.0,-1.3230060596e-05,3.22420480521e-12,2.60024746884,1.18852944044e-11,8.88125416838e-05,0.0,899.999282853,899.99965766,0.00150108892633,0.00313495382539
0.23999999999999996,-1.83270164769e-06,4.42886562947e-13,0.416327923506,2.61834998128e-12,1.48791360246e-05,0.0,-3.00574407879e-05,6.30024732375e-12,3.44787338889,1.18852944044e-11,6.6669267562e-05,0.0,900.000022892,899.999124847,0.0021223018803,0.00397051456855
0.3,-4.30257560422e-06,9.38265883813e-13,0.648218522003,3.33244543071e-12,1.88427845904e-05,0.0,-5.30652630474e-05,1.0354847704e-11,4.27910069836,1.18852944044e-11,6.48436453836e-05,0.0,900.000912068,900.000836641,0.000919370634087,0.00439795141088
0.36000000000000004,-8.31085224554e-06,1.70535818434e-12,0.929395699849,4.04654088015e-12,2.34380702695e-05,0.0,-8.13583017558e-05,1.53514269798e-11,5.09023895315,1.18852944044e-11,0.0001000709518,0.0,900.000440339,900.001864289,0.00158910308247,0.00411027892851
0.4200000000000001,-1.42102564452e-05,2.79939655399e-12,1.25855280449,4.74553729646e-12,3.05923073496e-05,0.0,-0.000116535309642,2.12446663635e-11,5.87796958524,1.11984624585e-11,0.000157549431425,0.0,900.000300557,900.002624135,-0.000223671015877,0.00326010632289
0.48000000000000015,-2.25185882504e-05,4.27187794731e-12,1.63419619645,5.41700018175e-12,4.18847586383e-05,0.0,-0.000162344349825,2.79519978217e-11,6.63938404971,1.11984624585e-11,0.000249464494307,0.0,899.998499619,900.002215463,0.000988175313393,0.00188852134069
0.5400000000000001,-3.40358279705e-05,6.16934625953e-12,2.05467130869,6.08846306704e-12,5.77291382822e-05,0.0,-0.000224371217746,3.54034255585e-11,7.37203009925,1.11984624585e-11,0.000293279328902,0.0,900.000119632,900.001886923,0.000862799995605,0.00224071729347
0.6000000000000002,-4.98674361713e-05,8.53491751077e-12,2.51819014296,6.75992595234e-12,7.56902074874e-05,0.0,-0.000306449846651,4.35477513911e-11,8.07391360667,1.11984624585e-11,0.000311494261286,0.0,900.001820478,900.002550799,0.000964382223726,0.00147778820531
0.6600000000000003,-7.12513675922e-05,1.14086055413e-11,3.02285876467,7.43138883763e-12,9.3449513491e-05,0.0,-0.000409346100034,5.23329472178e-11,8.7434968259,1.11984624585e-11,0.000264953065362,0.0,900.002444171,900.000553426,0.00167909264412,0.00117108467913
0.7200000000000003,-9.93660279418e-05,1.48273107437e-11,3.5667049127,8.10285172292e-12,0.000108123257263,0.0,-0.000530089764285,6.17074234932e-11,9.37970405386,1.11984624585e-11,0.000203742349104,0.0,900.002873714,900.000390319,0.000918546688391,0.00113858416613
0.7800000000000004,-0.00013513008336,1.88248758907e-11,4.1477047603,8.77431460822e-12,0.000119668582833,0.0,-0.000663573889189,7.16209910431e-11,9.9818881609,1.11984624585e-11,0.000169767788064,0.0,900.002528658,900.001148914,0.00109153244666,0.000337198167079
0.8400000000000004,-0.000179178716412,2.34321986609e-11,4.76380791699,9.44577749351e-12,0.000128914193689,0.0,-0.000805754463252,8.20257872252e-11,10.5498056389,1.11984624585e-11,0.000122720715567,0.0,900.004190211,900.002282161,0.00252869468992,0.000307642195989
0.9000000000000005,-0.000231929420374,2.86773897236e-11,5.41296013676,1.01172403788e-11,0.00013593415833,0.0,-0.00095313684368,9.28768666858e-11,11.0835656088,1.11984624585e-11,0.000105552218925,0.0,900.003157147,900.002459425,0.00191276299102,0.000941020259645
0.9600000000000005,-0.000293615048846,3.45859693441e-11,6.09312376175,1.07887032641e-11,0.00014191148804,0.0,-0.00110336049387,1.04132895468e-10,11.5836053752,1.11984624585e-11,8.77571982976e-05,0.0,900.003232009,900.002509317,0.000692640619434,0.00161391014528
1.0200000000000005,-0.000364362363465,4.11810898035e-11,6.80229575119,1.14575016141e-11,0.000147345927718,0.0,-0.00125502653795,1.15756111948e-10,12.0506349297,1.10452312833e-11,9.62080475256e-05,0.0,900.002184146,900.002524135,-0.000105647210126,0.00173054716697
1.0800000000000005,-0.000444242265799,4.84834940486e-11,7.53852290829,1.19868559523e-11,0.000153491867489,0.0,-0.001407842983,1.27693422079e-10,12.4855991273,4.36059079292e-12,0.000114880321125,0.0,900.001919524,900.002673029,-0.000698001764334,-1.72735277357e-05
1.1400000000000006,-0.000533342563837,5.6505080133e-11,8.29991444856,1.22266641256e-11,0.000160714044545,0.0,-0.00156250482713,1.39675398429e-10,12.8896272317,3.27130193012e-12,0.000131348010876,0.0,900.001331357,900.001995206,-0.00035718981015,-0.000219638209434
1.2000000000000006,-0.000631798738202,6.52425875031e-11,9.08465202149,1.35003119794e-11,0.000168870862881,0.0,-0.00171981019185,1.51626219517e-10,13.2639984898,5.71085521553e-11,0.000145145037204,0.0,900.001263687,900.001819064,0.00107954900416,-0.00198027681026
1.2600000000000007,-0.00073978902212,7.4740387581e-11,9.8909974039,1.9151791264e-11,0.000178189307554,0.0,-0.00188041258309,1.65534393322e-10,13.6100991795,1.68386546089e-10,0.000175628235164,0.0,900.000989451,900.002219907,0.00191941632981,-0.00284701077436
1.3200000000000007,-0.000857540606343,8.52482783841e-11,10.7172978764,3.04689606878e-11,0.000188671316714,0.0,-0.00204535225738,1.86081466893e-10,13.9293883441,2.29103186594e-10,0.000172843576625,0.0,900.001630497,900.001513682,0.00210462541327,-0.00210299545302
1.3800000000000008,-0.000985328740583,9.7290540355e-11,11.5619897015,4.43804992756e-11,0.000199258539409,0.0,-0.00221492351018,2.17007911905e-10,14.2233688026,2.37381027296e-10,0.00018367436553,0.0,900.001378926,900.001813288,0.00041393285149,-0.000776502751816
1.4400000000000008,-0.0011234300955,1.11526555215e-10,12.4235999538,5.84998716135e-11,0.00020974152464,0.0,-0.00238913093043,2.59162617794e-10,14.4935612012,2.31209902386e-10,0.000156791131028,0.0,900.00249325,900.001400795,-0.000670450370853,0.000563793512432
1.5000000000000009,-0.00127210462379,1.28613624359e-10,13.3007468049,7.17079728929e-11,0.000218552017814,0.0,-0.00256713711409,3.11883452305e-10,14.7414784972,1.98005098523e-10,0.000126931204887,0.0,900.002472544,900.001260214,-0.00155519526901,0.00167332931812
1.560000000000001,-0.00143153533179,1.49141305045e-10,14.1921387317,8.33360047636e-11,0.000226346039235,0.0,-0.00274749418975,3.73568525401e-10,14.9686154059,1.85399068088e-10,0.000135839126343,0.0,900.00281496,900.003172568,-0.000958238558573,0.00214833272392
1.620000000000001,-0.00160184818028,1.73602143055e-10,15.0965725315,9.41087208162e-11,0.000235195793278,0.0,-0.00292997149187,4.42844609491e-10,15.1764194101,1.67794478301e-10,0.000170803680492,0.0,900.001880222,900.003292356,-0.00113239364052,0.00249207334145
1.680000000000001,-0.00178320198309,2.02419593735e-10,16.0129306084,1.02210684361e-10,0.000245972694549,0.0,-0.00311575789789,5.18536687643e-10,15.3662950218,6.95107076031e-11,0.000197235220215,0.0,900.00212148,900.003187404,-0.00267562578024,0.00242399149406
1.740000000000001,-0.00197583730893,2.35891591463e-10,16.9401777994,1.04907194043e-10,0.000258220035349,0.0,-0.00330618873103,5.97340161511e-10,15.5395844597,-4.14657516121e-12,0.000217895652824,0.0,900.001573855,900.002405563,-0.00231628670064,0.00327006304636
1.8000000000000012,-0.00218006335104,2.74086235165e-10,17.8773577226,1.03135278096e-10,0.000271603635153,0.0,-0.00350223785898,6.75475428518e-10,15.6975707438,-8.03355153796e-11,0.000233388642283,0.0,900.001886836,900.002508894,-0.00235575668999,0.00101185882938
1.8600000000000012,-0.0023962391806,3.16866641627e-10,18.8235887938,9.69304636556e-11,0.000285546281161,0.0,-0.00370458663399,7.49737132624e-10,15.8414637145,-1.49554852181e-10,0.00023035455728,0.0,900.001918656,900.001790392,-0.00226133866134,-0.000267820273165
1.9200000000000013,-0.00262474945313,3.63911666708e-10,19.7780599654,8.65485461077e-11,0.000299767633599,0.0,-0.00391338389095,8.17226543122e-10,15.9724045222,-2.19958924634e-10,0.000250357702814,0.0,900.001123359,900.001927702,-0.00226455752589,0.00199957243152
1.9800000000000013,-0.00286599178878,4.14734768473e-10,20.7400265725,7.27107263288e-11,0.000316301595991,0.0,-0.00412916776617,8.75321504446e-10,16.0914647427,-2.51975952954e-10,0.000325944647919,0.0,900.000254029,900.003307932,-0.00152712637139,0.00266450052186
2.0400000000000014,-0.00312044466602,4.68718881115e-10,21.708805892,5.75646197376e-11,0.000336999845376,0.0,-0.00435417469572,9.22482572093e-10,16.1996377635,-2.53358013889e-10,0.000383003230259,0.0,899.999206631,900.001508772,-0.000317283920135,0.00322126668587
2.1000000000000014,-0.00338874120857,5.25198360796e-10,22.683772989,4.22213375373e-11,0.000360648060965,0.0,-0.00459093004257,9.5853886757e-10,16.2978566086,-2.6045811301e-10,0.000416399225106,0.0,899.999334934,900.000677903,-0.000719145343486,0.00265708081312
2.1600000000000015,-0.00367163639644,5.83511921974e-10,23.6643567824,2.6463276015e-11,0.000384112855311,0.0,-0.00484086778416,9.83623280729e-10,16.3869837851,-2.670156813e-10,0.000340383551954,0.0,900.001388004,899.998301188,-0.000691123846081,0.00310857477263
2.2200000000000015,-0.00396989103668,6.43002021535e-10,24.6500358517,1.01767483329e-11,0.0004032548718,0.0,-0.00510245748442,9.97753247247e-10,16.4678126182,-2.80298584063e-10,0.000276291394988,0.0,899.999785426,899.99718302,-0.000983628182648,0.00486101871119
2.2800000000000016,-0.00428411899699,7.03007547209e-10,25.6403349028,6.28318530717,0.000419142817663,0.0,-0.00537296311674,1.00075588441e-09,16.541087615,-3.01824951289e-10,0.000241800220964,0.0,900.00063018,899.999227518,-0.00125218886986,0.00328120303737
2.3400000000000016,-0.00461479754095,7.62847600358e-10,26.6348210464,6.28318530715,0.000433199488747,0.0,-0.00565062889577,9.92146220114e-10,16.6074784958,-3.24252724167e-10,0.000219226001291,0.0,899.9997246,899.998805139,-0.00127813739549,0.00366303760655
2.4000000000000017,-0.00496232445795,8.21805511584e-10,27.6331001727,6.28318530713,0.00044547157713,0.0,-0.00593443687344,9.71186051978e-10,16.6676085628,-4.18033847205e-10,0.000175130607341,0.0,899.999936447,899.998146316,-0.00261361841482,0.00353870540857
2.4600000000000017,-0.00532703094601,8.79078179726e-10,28.6348140369,6.2831853071,0.000453514878237,0.0,-0.00622296956028,9.35427788245e-10,16.7220505208,-5.5513750065e-10,5.17612650107e-05,0.0,900.00213601,899.997137837,-0.00316015933804,0.00353796967107
2.520000000000002,-0.00570910753271,9.33652111065e-10,29.6396372149,6.28318530707,0.000454979106784,0.0,-0.00651280128485,8.80541247138e-10,16.7713262325,-6.36799275002e-10,-3.03778644323e-05,0.0,900.001950879,899.998624616,-0.0024388993214,0.000739505163405
2.580000000000002,-0.0061085197037,9.84263272689e-10,30.6472742393,6.28318530703,0.000451470845399,0.0,-0.00680038717139,8.0295331097e-10,16.8159128796,-6.8042935124e-10,-0.000114727438715,0.0,900.002743083,899.999329262,-0.00209239675785,-0.00109549841709
2.640000000000002,-0.00652504414178,1.02948500368e-09,31.6574569018,6.28318530699,0.0004428442313,0.0,-0.00708276876385,7.00554548861e-10,16.8562424547,-8.70335260943e-10,-0.000201950361063,0.0,900.002486445,899.998958273,-0.00371923574151,0.000449585887296
2.700000000000002,-0.00695828049304,1.0677056705e-09,32.6699419405,6.28318530693,0.000431803421494,0.0,-0.00735713187028,5.68675685236e-10,16.8927148656,-9.47041192336e-10,-0.000148157027027,0.0,900.000154392,900.002336713,-0.00236373584255,0.000536824005544
2.760000000000002,-0.00740773771408,1.09701718784e-09,33.6845087917,6.28318530688,0.000425347035256,0.0,-0.0076238575293,4.03270680311e-10,16.9256873579,-9.49961398383e-10,-2.6612817273e-05,0.0,899.997910026,900.002833717,-0.000629875166483,-0.000428993481841
2.820000000000002,-0.00787306102517,1.11537226129e-09,34.700957661,6.28318530682,0.000424473938879,0.0,-0.00788661675177,2.03463776001e-10,16.9554952507,-9.75653445604e-10,9.56455804494e-06,0.0,900.000613958,900.002079075,-0.00168145599924,-0.000977696211042
2.880000000000002,-0.00835410404587,1.12069867088e-09,35.7191076817,6.28318530676,0.000425739282922,0.0,-0.00814806288554,-3.11059914219e-11,16.9824346593,-9.8092323199e-10,4.41325698359e-05,0.0,900.000683837,900.002082959,-0.00186919519908,-0.00176353064558
2.940000000000002,-0.00885083042264,1.11090011153e-09,36.7387949714,6.2831853067,0.00042880972715,0.0,-0.00840958667823,-3.00709699043e-10,17.0067759536,-9.95595940223e-10,6.5256064181e-05,0.0,900.000474525,900.001328591,-0.00168974865946,-0.00133659752095
3.000000000000002,-0.00936327814554,1.08387025055e-09,37.7598711799,6.28318530664,0.000432898783852,0.0,-0.00867222388871,-6.05460811132e-10,17.0287668042,-9.25539734822e-10,7.39411920679e-05,0.0,900.000422111,900.000772165,-0.00219078082765,-0.00314680835839
3.0600000000000023,-0.00989153247851,1.03753491107e-09,38.7822020349,6.28318530659,0.000437146751847,0.0,-0.00893651543509,-9.43894425246e-10,17.048629145,-9.30562136556e-10,6.45140660826e-05,0.0,899.999771939,899.999388585,-0.00342834312998,-0.00337456748621
3.1200000000000023,-0.0104356938375,9.69913096218e-10,39.8056661112,6.28318530653,0.000440032246653,0.0,-0.00920238164716,-1.31493859256e-09,17.0665694954,-8.42624449146e-10,1.52200296311e-05,0.0,900.000521876,899.998524884,-0.00274215718871,-0.00373159381461
3.1800000000000024,-0.0109958269682,8.79097013903e-10,40.8301537522,6.28318530648,0.00044066076201,0.0,-0.0094686842445,-1.71653308561e-09,17.0827738927,-7.32366298875e-10,9.82187808968e-07,0.0,900.00035063,899.999773909,-0.00140441792128,-0.00316284283606
3.2400000000000024,-0.0115719257066,7.6336380842e-10,41.8555658338,6.28318530644,0.000440357881729,0.0,-0.00973449891107,-2.14488653188e-09,17.0974076917,-5.93666187712e-10,-1.71134469517e-05,0.0,900.000547559,899.999815003,-0.00134750487037,-0.00345234154281
3.3000000000000025,-0.0121639455613,6.21243951212e-10,42.8818126072,6.28318530641,0.000439547026858,0.0,-0.00999932665869,-2.59536016677e-09,17.1106182879,-4.72403028111e-10,-6.31543224376e-06,0.0,899.998910661,899.99934818,-0.00327888787441,-0.00442536934376
3.3600000000000025,-0.0127718247427,4.5155192247e-10,43.9088129118,6.28318530639,0.000438293683837,0.0,-0.0102631611119,-3.06323875137e-09,17.1225446864,-2.66479695586e-10,-5.00578571163e-05,0.0,899.99956475,899.997794149,-0.00259277181719,-0.00466067447681
3.4200000000000026,-0.0133954869743,2.53417521205e-10,44.9364936104,6.28318530637,0.000433909766742,0.0,-0.0105251810648,-3.54250324308e-09,17.1333154656,-2.35507697912e-10,-0.000119128759352,0.0,900.001116445,899.998321541,-0.00308147298333,-0.00342804183824
3.4800000000000026,-0.0140347641552,2.62852270617e-11,45.96478872,6.28318530636,0.000425510465834,0.0,-0.0107833062063,-4.029519205e-09,17.143040798,-2.47918079566e-11,-0.000181748213473,0.0,900.001555384,899.999023257,-0.00280189556608,-0.00481654738611
3.5400000000000027,-0.0146893533386,-2.30180472748e-10,46.9936384669,6.28318530636,0.000413207143948,0.0,-0.0110352508479,-4.51917958036e-09,17.1518176735,1.79186854759e-10,-0.000251719391038,0.0,900.000956669,899.99812839,-0.00242947390784,-0.00455632691213
3.6000000000000028,-0.0153588145661,-5.15913447757e-10,48.0229887701,6.28318530638,0.000397289794695,0.0,-0.0112787045154,-5.00375546646e-09,17.1597389245,6.87970457137e-10,-0.000292447684041,0.0,899.999932784,899.99828992,-0.00138245489274,-0.00624266717808
3.660000000000003,-0.0160425810183,-8.30231425148e-10,49.0527909713,6.28318530643,0.000378992642111,0.0,-0.011511887291,-5.46964234653e-09,17.1668925364,8.46588012859e-10,-0.000329978764192,0.0,900.001047014,899.999534523,-0.00277530178744,-0.00438816317772
3.720000000000003,-0.0167399965014,-1.17166181535e-09,50.0830010695,6.28318530648,0.000359022156044,0.0,-0.0117335072074,-5.90675651184e-09,17.1733460777,9.19368727582e-10,-0.000338568479105,0.0,899.999441185,899.999101148,-0.00135462590949,-0.00267139408669
3.780000000000003,-0.0174503441306,-1.53835975986e-09,51.1135791963,6.28318530653,0.000338218391359,0.0,-0.0119429067685,-6.3116119844e-09,17.1791696901,8.94762639791e-10,-0.000363059377944,0.0,899.999436139,899.998452597,-0.00140884220336,-0.000438785894702
3.840000000000003,-0.0181728745324,-1.92836888835e-09,52.1444894686,6.28318530659,0.00031623857852,0.0,-0.01213948985,-6.6840090708e-09,17.1844261844,7.92325138806e-10,-0.00037287393145,0.0,899.999325128,899.998936271,-0.00273158018921,0.00064116616489
3.900000000000003,-0.0189068018109,-2.33981508164e-09,53.1756995638,6.28318530663,0.000293716045513,0.0,-0.0123227588691,-7.0268761838e-09,17.1891715292,5.27593025865e-10,-0.000380380207042,0.0,899.999730769,899.999435582,-0.00439124612724,0.00104590361839
3.960000000000003,-0.0196513189719,-2.77112551901e-09,54.20718022,6.28318530666,0.000270678830416,0.0,-0.0124924488603,-7.34753017443e-09,17.1934519355,2.91503134337e-10,-0.000391102655371,0.0,899.999129444,899.998704234,-0.00414689618429,0.000704460009149
4.020000000000002,-0.0204056025594,-3.22123463677e-09,55.2389050213,6.28318530667,0.00024695020798,0.0,-0.012648252553,-7.65464812001e-09,17.197316013,1.69856860399e-10,-0.000404228906656,0.0,899.999582592,899.999060319,-0.00297669180799,0.000745874408445
4.080000000000001,-0.0211688081113,-3.68952130804e-09,56.2708501236,6.28318530668,0.000223274272834,0.0,-0.0127898196506,-7.95409242444e-09,17.2008010591,4.91479050831e-11,-0.000375342244963,0.0,899.998103681,899.999282457,-0.00296520150903,0.0013209278016
4.14,-0.0219400901564,-4.17565401767e-09,57.3029939895,6.28318530668,0.000200162462848,0.0,-0.0129175732398,-8.25008211182e-09,17.2039466164,1.10948768625e-11,-0.000404917039846,0.0,899.99949458,899.998306082,-0.00166486521107,0.000733955956683
4.199999999999998,-0.0227186199474,-4.67951048855e-09,58.3353172474,6.28318530668,0.000175454184457,0.0,-0.0130312667297,-8.54511250139e-09,17.2067854526,-5.59691699081e-11,-0.000425586011621,0.0,899.999420798,899.998593502,-0.00221018865246,0.000757069770669
4.259999999999997,-0.0235035282068,-5.20108950033e-09,59.3678024823,6.28318530668,0.000150062539119,0.0,-0.0131301075144,-8.84116778322e-09,17.2093500185,-1.00247148769e-10,-0.000418409766584,0.0,899.999776674,900.000077071,-0.001839494209,-0.000398168829728
4.319999999999996,-0.0242939180962,-5.74051178322e-09,60.4004341053,6.28318530667,0.000126258315722,0.0,-0.0132140785005,-9.14010762622e-09,17.2116687928,-1.27601389308e-10,-0.000353418617472,0.0,900.000079146,900.002719807,-0.00158579170419,-0.000722673544597
4.379999999999995,-0.0250889364273,-6.29798824645e-09,61.4331978843,6.28318530666,0.000106094970413,0.0,-0.0132847206047,-9.44309450234e-09,17.2137586953,-1.27497768831e-10,-0.000301346023534,0.0,899.999566345,900.001682546,-0.00014908619505,-0.000172552576533
4.439999999999993,-0.025887846461,-6.87377656046e-09,62.4660807799,6.28318530665,8.98540257195e-05,0.0,-0.0133441114649,-9.75052268511e-09,17.2156424778,-1.49150615022e-10,-0.000209413923134,0.0,899.998121,900.001849568,-0.00125586212311,0.000481273183928
4.499999999999992,-0.0266900504807,-7.46815461278e-09,63.4990711251,6.28318530664,7.96460667898e-05,0.0,-0.0133950258059,-1.00628352542e-08,17.2173431372,-1.34653488062e-10,-9.16705818366e-05,0.0,899.997881249,900.002652555,-0.000482814428331,-0.00113537573516
4.559999999999991,-0.0274951510291,-8.08141972152e-09,64.5321584802,6.28318530664,7.57164843321e-05,0.0,-0.0134412457598,-1.03800485849e-08,17.2188786505,-1.5733139399e-10,-1.31792199455e-05,0.0,899.998994329,900.002173911,-0.00175200087514,-0.0011906520128
4.6199999999999894,-0.0283029700409,-8.71387115558e-09,65.5653333071,6.28318530663,7.59715545753e-05,0.0,-0.0134860298881,-1.07025333128e-08,17.2202611905,-2.18943345402e-10,3.90959104624e-05,0.0,899.998586507,900.000702985,-0.00211844380885,0.000306418895706
4.679999999999988,-0.0291134909627,-9.36587182884e-09,66.5985868965,6.28318530661,7.99070467217e-05,0.0,-0.0135316071493,-1.10321120367e-08,17.2215061611,-3.93198040027e-10,0.000118540393736,0.0,899.99724848,900.000463589,-0.0035684557243,-0.000202962134261
4.739999999999987,-0.0299268316129,-1.00379725122e-08,67.6319115268,6.28318530658,8.88594780477e-05,0.0,-0.0135804478265,-1.13733807287e-08,17.2226310467,-4.90951529487e-10,0.000210482096755,0.0,899.997500718,900.001219874,-0.00280006522172,-0.000848538464642
4.799999999999986,-0.0307432788272,-1.07310178174e-08,68.6653003189,6.28318530655,0.00010345742061,0.0,-0.0136356462082,-1.17307319709e-08,17.2236465513,-5.35497044762e-10,0.000308864806011,0.0,899.997551447,900.001529206,-0.00195446443636,-0.000758448018929
4.859999999999984,-0.0315633144917,-1.14460469176e-08,69.6987470358,6.28318530652,0.00012322430969,0.0,-0.0137005456047,-1.21063440424e-08,17.2245633756,-5.07574336692e-10,0.000370590921531,0.0,899.998482111,900.000973677,-0.000755791072725,-0.00161403392208
4.919999999999983,-0.0323876052461,-1.2184163663e-08,70.7322459962,6.28318530649,0.000146729335767,0.0,-0.0137778068706,-1.25001654823e-08,17.225389383,-4.69722004211e-10,0.000434043934516,0.0,899.998071001,900.000631051,-0.000203604223611,-0.00167290531912
4.979999999999982,-0.0332169589906,-1.29464261897e-08,71.7657921756,6.28318530646,0.000173842681627,0.0,-0.0138696350971,-1.29110334617e-08,17.2261385092,-4.64541466003e-10,0.000487562305897,0.0,899.999511427,900.001667843,-0.000840784552163,-0.00104128199546
5.0399999999999805,-0.034052310866,-1.3733834688e-08,72.7993811486,6.28318530644,0.000203044559184,0.0,-0.0139779754104,-1.33383398112e-08,17.2268169183,-4.61752879282e-10,0.000484968883456,0.0,900.001458136,900.001341834,-0.000363104276043,-0.000578761524719
5.099999999999979,-0.0348946774825,-1.45473711916e-08,73.8330087804,6.28318530641,0.000231085840136,0.0,-0.0141034021797,-1.37819471776e-08,17.2274281553,-4.52609466709e-10,0.000432096320666,0.0,900.002213776,900.000062159,0.000931758776799,-0.00081609106888
5.159999999999978,-0.0357450539114,-1.53880074856e-08,74.8666711867,6.28318530638,0.000255416512023,0.0,-0.0142446688773,-1.42416256901e-08,17.2279770201,-4.51877675684e-10,0.000352277771503,0.0,900.001933472,899.998692256,0.000713923788994,-0.000230875583177
5.219999999999977,-0.0366043195038,-1.62567024818e-08,75.9003648949,6.28318530635,0.00027408156715,0.0,-0.0143992517458,-1.47172137472e-08,17.2284723689,-4.28179947862e-10,0.000228553940782,0.0,900.002874765,899.997858042,0.000169323482156,-0.00131382590396
5.279999999999975,-0.03747316494,-1.71543965289e-08,76.9340867833,6.28318530633,0.000285068542294,0.0,-0.0145633385994,-1.52080628584e-08,17.2289171302,-3.19698233291e-10,9.20682057127e-05,0.0,900.002449323,899.996918847,0.00187750083417,-0.00281101224313
5.339999999999974,-0.0383520220158,-1.80819354573e-08,77.967834033,6.28318530631,0.000287011955479,0.0,-0.0147322219615,-1.57115228041e-08,17.2293184101,-2.65478291038e-10,-8.72567906298e-05,0.0,900.003318935,899.996057454,0.00270785857357,-0.00198730256076
5.399999999999973,-0.0392410112339,-1.90399899761e-08,79.0016042139,6.2831853063,0.000278506071066,0.0,-0.0149001522458,-1.62249558665e-08,17.2296820781,-2.00204505083e-10,-0.000251025098577,0.0,900.003518979,899.996891454,0.00284823779962,-0.00218048884036
5.4599999999999715,-0.0401398938854,-2.00290954923e-08,80.0353952466,6.28318530629,0.00026024423974,0.0,-0.015061149749,-1.67462352758e-08,17.230013957,-1.5873968229e-10,-0.00041127572507,0.0,900.004643426,899.998162115,0.00296708047444,-0.00173789836108
5.51999999999997,-0.0410480832927,-2.10496664296e-08,81.0692052115,6.28318530628,0.000233663681979,0.0,-0.0152095960249,-1.72735936572e-08,17.2303136446,-1.25558577974e-10,-0.000506564127889,0.0,900.003401546,899.999553696,0.00310537399749,-0.00155464016858
5.579999999999969,-0.0419646918518,-2.21020279069e-08,82.1030322598,6.28318530627,0.000201877778408,0.0,-0.015341312512,-1.78057364001e-08,17.230583852,-8.03312706714e-11,-0.000576216104551,0.0,900.002814238,900.000006375,0.00299047485467,-0.00181503428393
5.639999999999968,-0.0428886290999,-2.31864251368e-08,83.1368747789,6.28318530627,0.000166531150234,0.0,-0.0154535487701,-1.83411911002e-08,17.2308297125,-7.12959093124e-12,-0.000614916530612,0.0,900.002834789,900.001281485,0.00194593617619,-0.00230911195743
5.699999999999966,-0.0438186693182,-2.43029946943e-08,84.1707312701,6.28318530627,0.000129176517095,0.0,-0.0155445566046,-1.88778201504e-08,17.2310499767,2.60833340362e-12,-0.000637905876447,0.0,900.002005144,900.001088731,0.00344743530519,-0.000842204707655
5.759999999999965,-0.0447535065348,-2.54517632453e-08,85.2046002452,6.28318530627,9.07623912658e-05,0.0,-0.0156133428501,-1.94144196332e-08,17.2312462124,3.58498866387e-11,-0.000644895819577,0.0,900.00087034,900.000602131,0.00367444219163,-0.00155605563618
5.819999999999964,-0.0456917920908,-2.66327059784e-08,86.2384804232,6.28318530627,5.24113383475e-05,0.0,-0.0156594860565,-1.99501025684e-08,17.2314236907,8.81818656727e-11,-0.000627761311153,0.0,900.000501723,900.001210267,0.00519146680384,-0.00195239661571
5.879999999999963,-0.0466321722494,-2.78457215629e-08,87.2723707621,6.28318530628,1.39487326454e-05,0.0,-0.0156832031445,-2.0483177227e-08,17.2315851528,2.13496006731e-10,-0.000667625889595,0.0,900.002064067,900.00046481,0.00373555230275,-0.00302123500303
5.939999999999961,-0.047573288734,-2.90905599298e-08,88.3062701657,6.28318530629,6.28315784596,0.0,-0.0156837979764,-2.10102861783e-08,17.2317261635,2.4740409131e-10,-0.000735292378799,0.0,900.001120522,899.998396703,0.00160631461987,-0.00157157856114
5.99999999999996,-0.048513697308,-3.03667794107e-08,89.3401775395,6.28318530631,6.2831125646,0.0,-0.0156592609048,-2.15290322055e-08,17.2318510695,2.86820000129e-10,-0.000793518805581,0.0,900.000168786,899.99782865,0.00102155676122,-0.00169441676234
6.059999999999959,-0.0494518238419,-3.16738393058e-08,90.3740921615,6.28318530633,6.28306426733,0.0,-0.0156074466491,-2.20380775126e-08,17.2319678951,3.45206799437e-10,-0.000827840187162,0.0,900.000978082,899.999606982,0.00169385568372,-0.00206225232085
6.1199999999999575,-0.0503859830285,-3.30111056485e-08,91.4080134,6.28318530635,6.28301405098,0.0,-0.0155268429373,-2.2535614709e-08,17.2320718193,3.96523149354e-10,-0.000855146638424,0.0,900.000338859,899.99925251,0.00124754165411,-0.00193335829354
6.179999999999956,-0.0513144162029,-3.43778306002e-08,92.4419406352,6.28318530637,6.28296410101,0.0,-0.0154165199949,-2.30198017075e-08,17.2321679,4.03222232353e-10,-0.000787235000768,0.0,899.999123293,900.001892146,0.00269877715325,-0.000698541393392
6.239999999999955,-0.0522353611889,-3.57731826788e-08,93.4758734119,6.2831853064,6.28291646235,0.0,-0.01527751477,-2.34898124553e-08,17.2322566503,4.15676258496e-10,-0.000807468928297,0.0,900.00154,900.000739042,0.00357578652205,-0.000952443787513
6.299999999999954,-0.053147122356,-3.71963012219e-08,94.5098113395,6.28318530642,6.28286862364,0.0,-0.0151103311731,-2.39452902245e-08,17.2323396834,4.22618283026e-10,-0.00077700169648,0.0,900.001431335,900.002683298,0.0021585097248,-0.000711094859042
6.359999999999952,-0.0540480148392,-3.86463035699e-08,95.5437538495,6.28318530645,6.28282263476,0.0,-0.0149153854422,-2.43858832798e-08,17.2324095969,4.52288202791e-10,-0.000745444878122,0.0,899.999789668,900.001085052,0.00236359868855,-0.00147008569893
6.419999999999951,-0.0549364056895,-4.01222775784e-08,96.5777003298,6.28318530648,6.28277855153,0.0,-0.0146937754204,-2.48108815506e-08,17.23247214,4.53768893878e-10,-0.000713276459348,0.0,899.999582797,900.000902224,0.0013176748737,-0.000328410246154
6.47999999999995,-0.0558107281922,-4.16232709941e-08,97.6116505069,6.2831853065,6.28273563984,0.0,-0.0144465754603,-2.52198319715e-08,17.2325328495,4.82789039191e-10,-0.000719032470192,0.0,900.001692573,900.001476029,0.00185777322093,-0.00145389906821
6.5399999999999485,-0.0566694608881,-4.31483046425e-08,98.6456041081,6.28318530653,6.2826926296,0.0,-0.0141740957744,-2.56120789335e-08,17.232586383,5.02516055372e-10,-0.000712446546872,0.0,900.001024821,900.001308029,0.00233612138335,-0.00119871286747
6.599999999999947,-0.0575110873285,-4.46963499009e-08,99.6795607017,6.28318530656,6.28264974495,0.0,-0.0138763894921,-2.59867389039e-08,17.2326327087,5.72567072798e-10,-0.000719340626021,0.0,900.000646501,900.000383867,0.000495131314529,-0.00225887235575
6.659999999999946,-0.0583340932687,-4.626630283e-08,100.713519949,6.2831853066,6.28260593013,0.0,-0.0135533538199,-2.63419062295e-08,17.2326748869,7.13713009527e-10,-0.000752072730525,0.0,900.001269553,899.999961111,0.00191846307356,-0.00320640706647
6.719999999999945,-0.0591369373591,-4.78568814347e-08,101.74748158,6.28318530665,6.2825594491,0.0,-0.0132041261952,-2.66735174896e-08,17.2327122557,8.60937094619e-10,-0.000819953141733,0.0,900.001740121,899.999009559,0.00148469718773,-0.00327471793898
6.779999999999943,-0.0599179952912,-4.94665194417e-08,102.781445349,6.2831853067,6.28250993827,0.0,-0.0128268392361,-2.6976441539e-08,17.2327462305,1.01731696101e-09,-0.000835639015276,0.0,900.000742452,900.000126346,0.00141235314729,-0.0033750086147
6.839999999999942,-0.0606755391673,-5.10933348146e-08,103.815411105,6.28318530677,6.2824588469,0.0,-0.0124202144313,-2.72452812895e-08,17.2327784701,1.16987694536e-09,-0.0008833154292,0.0,900.00187188,899.999961099,0.000248750074057,-0.00333353319825
6.899999999999941,-0.0614077750731,-5.27351197869e-08,104.849378562,6.28318530684,6.28240483929,0.0,-0.0119829886289,-2.74746978015e-08,17.2328030642,1.24524266761e-09,-0.000933776890754,0.0,900.000471094,899.99844864,-0.000898920701318,-0.00250951886889
6.95999999999994,-0.0621128149197,-5.43893887136e-08,105.883347475,6.28318530691,6.28234790118,0.0,-0.0115134196468,-2.76610106979e-08,17.2328270364,1.3296234359e-09,-0.000979374864001,0.0,900.000915471,899.999091035,-0.000951321609555,-0.00265542722857
7.019999999999938,-0.0627886675316,-5.60534713564e-08,106.917317631,6.28318530699,6.28228832673,0.0,-0.0110098467893,-2.78014265604e-08,17.2328445529,1.36086380206e-09,-0.00101999164452,0.0,899.999477787,899.997856018,-0.00145710702778,-0.00209730872927
7.079999999999937,-0.0634332472753,-5.77245532463e-08,107.951288812,6.28318530708,6.28222682197,0.0,-0.0104708004225,-2.78941690979e-08,17.2328612495,1.37659043099e-09,-0.00103525817911,0.0,899.999223263,899.998628627,0.000315141175911,-0.00107029201895
7.139999999999936,-0.0640443956467,-5.93997486544e-08,108.985260984,6.28318530716,6.28216340771,0.0,-0.00989534454057,-2.79384253566e-08,17.2328775914,1.43403759875e-09,-0.00110024016827,0.0,900.000611775,899.99800491,-0.00109387736441,-0.00231970035168
7.1999999999999345,-0.0646198857356,-6.10761085353e-08,110.019234126,6.93916035743e-11,6.28209678903,0.0,-0.00928188164513,-2.79326272594e-08,17.232893581,1.55665120842e-09,-0.00113046474149,0.0,900.000279738,899.999081365,-0.00138415491062,-0.0032934844026
7.259999999999933,-0.0651573870427,-6.27505345548e-08,111.0532082,1.64078528542e-10,6.28202846992,0.0,-0.00862889862322,-2.78733726157e-08,17.2329086636,1.62103487229e-09,-0.00115503388167,0.0,900.000349868,899.99938111,0.000453644450169,-0.00216557041962
7.319999999999932,-0.0656545002889,-6.44197210182e-08,112.08718313,2.6206947723e-10,6.28196004675,0.0,-0.00793554394517,-2.77576630267e-08,17.2329221369,1.65752346649e-09,-0.00111110173828,0.0,899.998897302,900.000702144,0.000989871491101,-0.00163028312357
7.379999999999931,-0.0661088145596,-6.60802265528e-08,113.121158877,3.6351099908e-10,6.28189554402,0.0,-0.00720255101815,-2.75837623944e-08,17.2329359073,1.75706675776e-09,-0.00100301715844,0.0,899.998094755,900.00249562,0.00099340192789,-0.00269271546681
7.439999999999929,-0.0665180315472,-6.77284884941e-08,114.15513538,4.69016825377e-10,6.28183627271,0.0,-0.00643281037542,-2.73491056624e-08,17.2329473337,1.76114611605e-09,-0.000957542860846,0.0,899.999032285,900.000896163,0.00179047596161,-0.000545105287113
7.499999999999928,-0.0668800274138,-6.93608072263e-08,115.18911258,5.74684300148e-10,6.28178046237,0.0,-0.00562878253878,-2.70523044447e-08,17.2329591672,1.76114611601e-09,-0.000875477385263,0.0,899.998771127,900.002115256,0.00144451237637,0.000637670074908
7.559999999999927,-0.0671928135083,-7.09734520196e-08,116.223090462,6.80303813283e-10,6.28173101851,0.0,-0.00479297549323,-2.6693309816e-08,17.2329700517,1.75874031566e-09,-0.000721416659497,0.0,899.997380084,900.00363685,-0.000418614487583,0.000952346415202
7.6199999999999255,-0.067454607954,-7.25626926148e-08,117.257068951,7.85715492668e-10,6.28169024563,0.0,-0.00392983975876,-2.62721798734e-08,17.2329794422,1.75314825183e-09,-0.000595926550831,0.0,899.997830295,900.002926988,-0.00073651751412,-0.000367604493066
7.679999999999924,-0.0676639182805,-7.41248051302e-08,118.291047902,8.90903351092e-10,6.28165652595,0.0,-0.00304413882546,-2.57890649149e-08,17.2329854965,1.75314825179e-09,-0.000494203974542,0.0,899.997557222,900.00168891,0.000100436437677,0.0011894815326
7.739999999999923,-0.0678195101272,-7.56560734032e-08,119.325027127,9.96091209515e-10,6.28162844176,0.0,-0.00213973413486,-2.52440384747e-08,17.2329886018,1.75314825175e-09,-0.000415842964995,0.0,899.997301898,900.000485545,0.000778135732177,0.000386482223875
7.799999999999922,-0.0679203564849,-7.71527827956e-08,120.359006417,1.10127906794e-09,6.28160532919,0.0,-0.00121970981756,-2.46371022403e-08,17.2329877224,1.75314825171e-09,-0.000324001527843,0.0,899.995883941,899.999611498,0.000402068783361,0.000754956942896
7.85999999999992,-0.0679656095395,-7.86112187724e-08,121.392985726,1.20609300325e-09,6.28158716279,0.0,-0.000287078913221,-2.39682742235e-08,17.2329892192,1.73439675556e-09,-0.000260342540659,0.0,899.997218131,899.999802694,-0.00116869834443,0.000329669754286
7.919999999999919,-0.0679545946144,-8.00276779249e-08,122.426965175,1.30970700951e-09,6.28157233933,0.0,0.000655577838375,-2.32379761987e-08,17.2329923588,1.71191258634e-09,-0.000220495730834,0.0,899.998307978,899.99992711,-0.00198271262999,-0.00151439964156
7.979999999999918,-0.0678867642954,-8.13984939276e-08,123.460944944,1.41178535529e-09,6.28155945198,0.0,0.0016065791029,-2.24469616267e-08,17.2329997761,1.68009811995e-09,-0.000203376391197,0.0,900.000269705,900.000967869,-0.00152228787508,0.00128834707962
8.039999999999917,-0.0677616484601,-8.27200532047e-08,124.494925125,1.51137413695e-09,6.28154805221,0.0,0.00256498551294,-2.15962771571e-08,17.2330061414,1.61927423212e-09,-0.000163244224526,0.0,899.999741622,900.001370981,-0.00210485195434,0.000848007311555
8.099999999999916,-0.0675788326194,-8.39888244846e-08,125.528905689,1.6077699172e-09,6.28153818193,0.0,0.00352974111996,-2.06876600735e-08,17.233012568,1.58123654e-09,-0.000167026198618,0.0,900.000892475,900.000743194,-0.00166452969019,0.00308440888766
8.159999999999915,-0.0673379555678,-8.52013837741e-08,126.562886669,1.70220104678e-09,6.28152934775,0.0,0.00450032375887,-1.97227293455e-08,17.2330199625,1.55911209548e-09,-0.000107678355685,0.0,900.000168468,900.002574855,-0.00126946477415,0.00354484614176
8.219999999999914,-0.0670386976837,-8.63543837931e-08,127.596868133,1.79562764657e-09,6.28152434886,0.0,0.00547544672119,-1.87024527453e-08,17.2330286694,1.55310810178e-09,-3.46226281568e-05,0.0,900.000587327,900.003547239,-0.000661309222887,0.00332604567829
8.279999999999912,-0.0666808564506,-8.74445188289e-08,128.630849972,1.88881443819e-09,6.28152287486,0.0,0.00645275773164,-1.76272559934e-08,17.2330325441,1.55310810175e-09,-4.45849303412e-06,0.0,900.000236254,900.001458151,0.000354312031803,0.00216782362842
8.339999999999911,-0.0662643548863,-8.84684967286e-08,129.664831953,1.98200122981e-09,6.28152326505,0.0,0.00743063089589,-1.64972148346e-08,17.2330334489,1.55310810171e-09,2.84217180584e-05,0.0,899.999405959,900.000737099,0.000644570269309,0.00289451533808
8.39999999999991,-0.0657891923452,-8.94230264468e-08,130.698814097,2.07518802142e-09,6.28152559843,0.0,0.00840795268568,-1.53123166781e-08,17.2330379158,1.55310810168e-09,5.98215552201e-05,0.0,900.000651152,900.001921592,0.0015901286865,0.00434181190413
8.459999999999908,-0.0652554364671,-9.03048167991e-08,131.732796495,2.16837481304e-09,6.28153025143,0.0,0.0093835587085,-1.40725693027e-08,17.2330419348,1.55310810165e-09,0.00011299012825,0.0,900.000258975,900.002409907,0.00146811270465,0.00349876341862
8.519999999999907,-0.064663235576,-9.1110577107e-08,132.766778996,2.26156160466e-09,6.2815384086,0.0,0.0103558279765,-1.27779817869e-08,17.233041415,1.55310810162e-09,0.000181847236568,0.0,899.998672406,900.001457193,0.00198605524168,0.00266368498628
8.579999999999906,-0.0640128550321,-9.18370167869e-08,133.800761416,2.35474839627e-09,6.28155153019,0.0,0.0113224838978,-1.14285483349e-08,17.2330392543,1.55310810159e-09,0.000292297506179,0.0,899.99734448,900.001811417,0.00216546398659,0.00304750700674
8.639999999999905,-0.0633047270747,-9.2480844734e-08,134.834743807,2.44793518789e-09,6.28157192501,0.0,0.0122801357142,-1.00242574344e-08,17.2330404076,1.55310810155e-09,0.000434994322452,0.0,899.99773498,900.003504739,0.00188007639628,0.0030144933593
8.699999999999903,-0.0625395261975,-9.3038770062e-08,135.868726133,2.5411219795e-09,6.28160022107,0.0,0.0132241970331,-8.56512759564e-09,17.2330371568,1.55310810152e-09,0.000544728167398,0.0,899.997088341,900.00152043,0.00325760221864,0.00368546406328
8.759999999999902,-0.0617182014769,-9.35075020846e-08,136.902708277,2.63430877112e-09,6.28163568284,0.0,0.0141503306665,-7.05114725803e-09,17.2330343167,1.55310810149e-09,0.000683489114211,0.0,899.996582984,900.002187623,0.00426180425405,0.00363698579718
8.8199999999999,-0.060841959926,-9.38837498352e-08,137.936690238,2.72749556274e-09,6.2816785724,0.0,0.0150540708695,-5.4823185184e-09,17.2330310717,1.55310810146e-09,0.000777437876403,0.0,899.997322973,900.001110383,0.00416502542148,0.0050977179165
8.8799999999999,-0.0599122681637,-9.41642224979e-08,138.97067196,2.82068235435e-09,6.28172693883,0.0,0.0159315190813,-3.85864427669e-09,17.2330263977,1.55310810142e-09,0.000863394835027,0.0,899.996974574,900.000436336,0.00389250616821,0.00521752477617
8.939999999999898,-0.0589307988637,-9.43456290813e-08,140.004653454,2.91386914597e-09,6.28178027128,0.0,0.0167795463971,-2.18011591253e-09,17.2330234115,1.55310810139e-09,0.000939793416963,0.0,899.997602537,900.000675419,0.00379201984459,0.00428844683524
8.999999999999897,-0.0578994032994,-9.44246785523e-08,141.038634743,3.00705593759e-09,6.28183781994,0.0,0.0175953431153,-4.46740496206e-10,17.2330196051,1.55310810136e-09,0.000997825454617,0.0,899.997656551,899.999984207,0.0040531471067,0.00319303519861
9.059999999999896,-0.0568200868439,-9.43980798424e-08,142.072615861,3.1002427292e-09,6.28189934289,0.0,0.0183765830197,1.34149006909e-09,17.2330176943,1.55310810133e-09,0.00108044953043,0.0,899.997675496,900.00099738,0.00198609015092,0.00263807003208
9.119999999999894,-0.055694997092,-9.42625416905e-08,143.106596904,3.19342952082e-09,6.28196463463,0.0,0.0191207378973,3.18457420617e-09,17.2330170626,1.5531081013e-09,0.00110368649874,0.0,899.999250891,900.000166834,0.0010143093555,0.00273040702326
9.179999999999893,-0.0545264147993,-9.40147725361e-08,144.140578053,3.28661631244e-09,6.28203105223,0.0,0.0198262229704,5.08252332589e-09,17.2330211755,1.55310810126e-09,0.00111350736725,0.0,900.00103353,900.001405847,0.000773279342431,0.00263527753279
9.239999999999892,-0.0533166780626,-9.36514807164e-08,145.174559514,3.37980310405e-09,6.28209820092,0.0,0.0204924937197,7.03532964331e-09,17.2330274195,1.55310810123e-09,0.00113041957365,0.0,900.001709515,900.002368682,0.000132861210951,0.00245466199028
9.29999999999989,-0.05206815429,-9.31693753342e-08,146.208541253,3.47298989567e-09,6.28216619197,0.0,0.0211190419888,9.04297552655e-09,17.2330305077,1.5531081012e-09,0.00113871341146,0.0,900.001078547,900.001388453,0.00219741776693,0.00343767785032
9.35999999999989,-0.0507832394656,-9.25651658052e-08,147.242523147,3.56617668729e-09,6.28223339245,0.0,0.021705540338,1.11054679181e-08,17.2330325897,1.55310810117e-09,0.001082564095,0.0,900.002158556,899.999859507,0.00121493888609,0.0027321408022
9.419999999999888,-0.0494643116287,-9.18355611548e-08,148.276505188,3.6593634789e-09,6.28229818975,0.0,0.0222530597522,1.32228128818e-08,17.2330354036,1.55310810113e-09,0.00107473557564,0.0,900.001473427,900.001131738,0.00105863676389,0.0010254732924
9.479999999999887,-0.0481136769154,-9.09772706555e-08,149.310487303,3.75255027052e-09,6.28236355527,0.0,0.0227624309929,1.5394996347e-08,17.233035099,1.5531081011e-09,0.0011187940834,0.0,899.999507533,900.001266495,0.00076003891272,0.00127040146015
9.539999999999885,-0.0467336438312,-8.99870039882e-08,150.344469312,3.84573706214e-09,6.28243139701,0.0,0.0232327812101,1.76220186234e-08,17.2330319114,1.55310810107e-09,0.00115449247434,0.0,899.998734272,900.000153822,0.000954246413726,0.00153280051891
9.599999999999884,-0.0453265963925,-8.88614699516e-08,151.378451272,3.93891941286e-09,6.28250218014,0.0,0.0236626866185,1.99039082287e-08,17.2330334266,1.55289676787e-09,0.00123013287376,0.0,899.999306101,900.002341778,-0.000124070431807,0.00206005057486
9.659999999999883,-0.0438950205206,-8.75973770806e-08,152.412433448,4.03146493966e-09,6.28257706682,0.0,0.0240500175412,2.22406179085e-08,17.2330390214,1.52149911114e-09,0.00128405096417,0.0,900.00106808,900.00322272,-0.00151228305209,0.00214079173307
9.719999999999882,-0.0424415401934,-8.61914535806e-08,153.44641592,4.12240019898e-09,6.28265619116,0.0,0.0243925080514,2.46314436277e-08,17.2330433567,1.50375244623e-09,0.00138803732316,0.0,899.999795225,900.003975526,-0.0011369538613,0.000768488021841
9.77999999999988,-0.0409689293279,-8.46404782836e-08,154.480398692,4.21201651335e-09,6.28274044369,0.0,0.0246872050794,2.70755737786e-08,17.2330489477,1.47332223456e-09,0.00143653793512,0.0,900.001414461,900.003346311,-0.00148880203333,0.000447771158058
9.839999999999879,-0.039480135501,-8.29412787192e-08,155.514381723,4.30024371667e-09,6.28282643801,0.0,0.0249317361944,2.95721125703e-08,17.2330520642,1.46474335113e-09,0.00142663852918,0.0,900.001934997,900.001501647,-0.000790496314617,0.000821682814386
9.899999999999878,-0.0379781882774,-8.10907306181e-08,156.548364907,4.38812808312e-09,6.28291088117,0.0,0.0251257445088,3.2120487657e-08,17.2330540795,1.4647382919e-09,0.00136884577954,0.0,900.002597899,900.000225957,-1.91966395674e-05,0.0011774388882
9.959999999999877,-0.0364660831391,-7.9085728392e-08,157.582348119,4.47626025135e-09,6.28299212163,0.0,0.0252706240551,3.47205943776e-08,17.233053041,1.47711569912e-09,0.00132430989329,0.0,900.001363224,899.999529212,-0.000159936081138,-0.000962885149174
10.019999999999875,-0.0349467133548,-7.69231611979e-08,158.616331193,4.56550353078e-09,6.28307015937,0.0,0.025368155467,3.73727342594e-08,17.2330495064,1.5078852498e-09,0.00125321625373,0.0,900.001015745,899.998107605,-0.000496138509385,-0.00157715006113
